maximize
obj: 1 x1 + 1 x2 + 1 x3 + 1 x4 + 1 x5 + 1 x6 + 1 x7 + 1 x8 + 1 x9 + 1 x10
subject to
c1: 0.3978441704036859 x1 + 0.635028877119606 x2 + 0.5864891909016687 x3 + 0.16326607234044332 x4 + 0.5857028625504148 x5 + 0.78656923289222 x6 + 0.062434975351614685 x7 + 0.8712111920324466 x8 + 0.08021112305540079 x9 + 0.2969114670381723 x10 <= 2.9621964980533417
c2: 0.6856414968089155 x1 + 0.6407813758300938 x2 + 0.9462953343985014 x3 + 0.5817901222149322 x4 + 0.3720237629862462 x5 + 0.7038715735142569 x6 + 0.1582022365890896 x7 + 0.5489517074507289 x8 + 0.7164066902366368 x9 + 0.7236714405280202 x10 <= 2.6294808609200606
c3: 0.09535810122537858 x1 + 0.01679815493897241 x2 + 0.8770566038662186 x3 + 0.5434182602624418 x4 + 0.9975892007883427 x5 + 0.8406563717452802 x6 + 0.8054675709907553 x7 + 0.7552462503102886 x8 + 0.32951813753019055 x9 + 0.049509305289190175 x10 <= 2.7502202878858113
c4: 0.12548870245311994 x1 + 0.5476562873408508 x2 + 0.9596139518802034 x3 + 0.016763792868449867 x4 + 0.4837420151829406 x5 + 0.9922997040135733 x6 + 0.15396612833352252 x7 + 0.9520271279436197 x8 + 0.6603202647644428 x9 + 0.06220677837063171 x10 <= 2.2393446070024554
c5: 0.6241182289123137 x1 + 0.3864348409294325 x2 + 0.3449809602660452 x3 + 0.6182782749026483 x4 + 0.7259992741534502 x5 + 0.31641058100294117 x6 + 0.32723009119313917 x7 + 0.8246123007766044 x8 + 0.03717813683667193 x9 + 0.8637523248201704 x10 <= 1.8697822616263042
c6: 0.13318000878351866 x1 + 0.023641879258857745 x2 + 0.02350977365582918 x3 + 0.873783108117431 x4 + 0.27225700913596373 x5 + 0.2716574307705457 x6 + 0.1844704361190277 x7 + 0.5113234205864925 x8 + 0.16532415129474454 x9 + 0.91482354880115 x10 <= 3.1048456623900633
c7: 0.9602926193537833 x1 + 0.6454704858549163 x2 + 0.007046104179520674 x3 + 0.11969075406758312 x4 + 0.47678455263289776 x5 + 0.9702916224405376 x6 + 0.6990825282026629 x7 + 0.7789444542448973 x8 + 0.16983713241224607 x9 + 0.31212414743937966 x10 <= 1.8331788999053622
c8: 0.8068640071620456 x1 + 0.29965039614372 x2 + 0.5310602227300878 x3 + 0.13081774042661487 x4 + 0.07786191944703491 x5 + 0.8895424735664943 x6 + 0.653863243886663 x7 + 0.8351747617778285 x8 + 0.9993440940135541 x9 + 0.057075258125628636 x10 <= 1.997523158038796
c9: 0.9020854339749054 x1 + 0.2055951674755483 x2 + 0.4846747757529608 x3 + 0.8420519230903782 x4 + 0.5125550263954455 x5 + 0.023354157680079313 x6 + 0.23480831783365685 x7 + 0.17910978141964162 x8 + 0.009258856911867896 x9 + 0.15068181135864367 x10 <= 2.8615478595575596
c10: 0.9830147576108517 x1 + 0.78639305966383 x2 + 0.255968688722247 x3 + 0.31445033000479583 x4 + 0.005265073112769247 x5 + 0.8923833884145269 x6 + 0.7111206895521545 x7 + 0.46015816596811243 x8 + 0.5189165423878033 x9 + 0.7501590443737391 x10 <= 2.977668820973461
Bounds
x1 <= 1
x2 <= 1
x3 <= 1
x4 <= 1
x5 <= 1
x6 <= 1
x7 <= 1
x8 <= 1
x9 <= 1
x10 <= 1
x1 >= 0
x2 >= 0
x3 >= 0
x4 >= 0
x5 >= 0
x6 >= 0
x7 >= 0
x8 >= 0
x9 >= 0
x10 >= 0
End
